"Gender" "Age_group" "Region_n" "Cancer" "Cases" "Population" "i" "i_P" "i_LOCP" "LOCP_het"
"1" 1 1 1 1 11 207627 1 1 0 "NA"
"2" 2 1 1 1 15 192628 1 1 0 "NA"
"3" 1 2 1 1 10 175676 1 1 0 "NA"
"4" 2 2 1 1 11 177882 1 1 0 "NA"
"5" 1 3 1 1 10 120875 1 1 0 "NA"
"6" 2 3 1 1 12 125814 1 1 0 "NA"
"7" 1 4 1 1 15 55846 1 1 0 "NA"
"8" 2 4 1 1 11 77929 1 1 0 "NA"
"9" 1 5 1 1 11 3593 1 1 0 "NA"
"10" 2 5 1 1 15 10822 1 1 0 "NA"
"11" 1 1 2 1 10 244568 2 1 0 "NA"
"12" 2 1 2 1 13 226666 2 1 0 "NA"
"13" 1 2 2 1 105 208622 2 1 0 "NA"
"14" 2 2 2 1 24 202408 2 1 0 "NA"
"15" 1 3 2 1 271 123491 2 1 0 "NA"
"16" 2 3 2 1 34 133685 2 1 0 "NA"
"17" 1 4 2 1 288 76925 2 1 0 "NA"
"18" 2 4 2 1 40 103996 2 1 0 "NA"
"19" 1 5 2 1 26 5267 2 1 0 "NA"
"20" 2 5 2 1 11 11563 2 1 0 "NA"
"21" 1 1 3 1 43 1181438 3 1 0 "NA"
"22" 2 1 3 1 18 1107844 3 1 0 "NA"
"23" 1 2 3 1 498 976067 3 1 0 "NA"
"24" 2 2 3 1 217 983248 3 1 0 "NA"
"25" 1 3 3 1 1481 740320 3 1 0 "NA"
"26" 2 3 3 1 348 795457 3 1 0 "NA"
"27" 1 4 3 1 1129 326943 3 1 0 "NA"
"28" 2 4 3 1 253 425359 3 1 0 "NA"
"29" 1 5 3 1 51 19282 3 1 0 "NA"
"30" 2 5 3 1 11 44114 3 1 0 "NA"
"31" 1 1 4 1 11 493155 4 1 0 "NA"
"32" 2 1 4 1 15 432851 4 1 0 "NA"
"33" 1 2 4 1 220 349331 4 1 0 "NA"
"34" 2 2 4 1 56 333049 4 1 0 "NA"
"35" 1 3 4 1 502 198716 4 1 0 "NA"
"36" 2 3 4 1 77 211168 4 1 0 "NA"
"37" 1 4 4 1 341 86490 4 1 0 "NA"
"38" 2 4 4 1 64 121822 4 1 0 "NA"
"39" 1 5 4 1 24 5128 4 1 0 "NA"
"40" 2 5 4 1 10 11549 4 1 0 "NA"
"41" 1 1 5 1 11 91884 5 1 0 "NA"
"42" 2 1 5 1 10 84310 5 1 0 "NA"
"43" 1 2 5 1 49 96905 5 1 0 "NA"
"44" 2 2 5 1 19 86675 5 1 0 "NA"
"45" 1 3 5 1 138 66936 5 1 0 "NA"
"46" 2 3 5 1 13 66007 5 1 0 "NA"
"47" 1 4 5 1 160 47211 5 1 0 "NA"
"48" 2 4 5 1 23 61313 5 1 0 "NA"
"49" 1 5 5 1 13 4297 5 1 0 "NA"
"50" 2 5 5 1 12 9690 5 1 0 "NA"
"51" 1 1 6 1 14 397475 6 1 0 "NA"
"52" 2 1 6 1 15 383343 6 1 0 "NA"
"53" 1 2 6 1 251 368880 6 1 0 "NA"
"54" 2 2 6 1 57 352004 6 1 0 "NA"
"55" 1 3 6 1 672 223228 6 1 0 "NA"
"56" 2 3 6 1 62 240793 6 1 0 "NA"
"57" 1 4 6 1 669 124629 6 1 0 "NA"
"58" 2 4 6 1 75 184436 6 1 0 "NA"
"59" 1 5 6 1 31 7516 6 1 0 "NA"
"60" 2 5 6 1 11 19369 6 1 0 "NA"
"61" 1 1 7 1 116 3647244 7 1 0 "NA"
"62" 2 1 7 1 73 3469594 7 1 0 "NA"
"63" 1 2 7 1 1743 2755424 7 1 0 "NA"
"64" 2 2 7 1 640 2836958 7 1 0 "NA"
"65" 1 3 7 1 4477 1806834 7 1 0 "NA"
"66" 2 3 7 1 838 2063194 7 1 0 "NA"
"67" 1 4 7 1 3824 871645 7 1 0 "NA"
"68" 2 4 7 1 790 1365755 7 1 0 "NA"
"69" 1 5 7 1 251 59477 7 1 0 "NA"
"70" 2 5 7 1 123 178959 7 1 0 "NA"
"71" 1 1 8 1 11 220172 8 1 0 "NA"
"72" 2 1 8 1 15 199477 8 1 0 "NA"
"73" 1 2 8 1 111 214427 8 1 0 "NA"
"74" 2 2 8 1 41 197384 8 1 0 "NA"
"75" 1 3 8 1 265 143282 8 1 0 "NA"
"76" 2 3 8 1 41 138727 8 1 0 "NA"
"77" 1 4 8 1 236 81697 8 1 0 "NA"
"78" 2 4 8 1 63 118067 8 1 0 "NA"
"79" 1 5 8 1 19 7419 8 1 0 "NA"
"80" 2 5 8 1 12 19116 8 1 0 "NA"
"81" 1 1 9 1 14 223015 9 1 0 "NA"
"82" 2 1 9 1 11 211901 9 1 0 "NA"
"83" 1 2 9 1 173 236347 9 1 0 "NA"
"84" 2 2 9 1 38 220847 9 1 0 "NA"
"85" 1 3 9 1 453 146303 9 1 0 "NA"
"86" 2 3 9 1 40 154784 9 1 0 "NA"
"87" 1 4 9 1 487 93334 9 1 0 "NA"
"88" 2 4 9 1 49 135422 9 1 0 "NA"
"89" 1 5 9 1 25 7007 9 1 0 "NA"
"90" 2 5 9 1 13 16050 9 1 0 "NA"
"91" 1 1 10 1 29 775515 10 1 0 "NA"
"92" 2 1 10 1 16 762227 10 1 0 "NA"
"93" 1 2 10 1 423 648200 10 1 0 "NA"
"94" 2 2 10 1 102 652442 10 1 0 "NA"
"95" 1 3 10 1 1059 383376 10 1 0 "NA"
"96" 2 3 10 1 138 418873 10 1 0 "NA"
"97" 1 4 10 1 765 148236 10 1 0 "NA"
"98" 2 4 10 1 99 228444 10 1 0 "NA"
"99" 1 5 10 1 28 7270 10 1 0 "NA"
"100" 2 5 10 1 15 20211 10 1 0 "NA"
"101" 1 1 11 1 15 399758 11 1 0 "NA"
"102" 2 1 11 1 15 366831 11 1 0 "NA"
"103" 1 2 11 1 181 309532 11 1 0 "NA"
"104" 2 2 11 1 53 297830 11 1 0 "NA"
"105" 1 3 11 1 451 195302 11 1 0 "NA"
"106" 2 3 11 1 55 209905 11 1 0 "NA"
"107" 1 4 11 1 365 98144 11 1 0 "NA"
"108" 2 4 11 1 54 137739 11 1 0 "NA"
"109" 1 5 11 1 22 6911 11 1 0 "NA"
"110" 2 5 11 1 11 16489 11 1 0 "NA"
"111" 1 1 12 1 12 310774 12 1 0 "NA"
"112" 2 1 12 1 10 287122 12 1 0 "NA"
"113" 1 2 12 1 198 272790 12 1 0 "NA"
"114" 2 2 12 1 43 263432 12 1 0 "NA"
"115" 1 3 12 1 430 161426 12 1 0 "NA"
"116" 2 3 12 1 48 181870 12 1 0 "NA"
"117" 1 4 12 1 474 103368 12 1 0 "NA"
"118" 2 4 12 1 71 147221 12 1 0 "NA"
"119" 1 5 12 1 27 7244 12 1 0 "NA"
"120" 2 5 12 1 11 16717 12 1 0 "NA"
"121" 1 1 13 1 18 455759 13 1 0 "NA"
"122" 2 1 13 1 11 443075 13 1 0 "NA"
"123" 1 2 13 1 222 420771 13 1 0 "NA"
"124" 2 2 13 1 48 424546 13 1 0 "NA"
"125" 1 3 13 1 584 248321 13 1 0 "NA"
"126" 2 3 13 1 69 282427 13 1 0 "NA"
"127" 1 4 13 1 595 138910 13 1 0 "NA"
"128" 2 4 13 1 79 211741 13 1 0 "NA"
"129" 1 5 13 1 25 8901 13 1 0 "NA"
"130" 2 5 13 1 14 23216 13 1 0 "NA"
"131" 1 1 14 1 25 680180 14 1 0 "NA"
"132" 2 1 14 1 20 682126 14 1 0 "NA"
"133" 1 2 14 1 448 595375 14 1 0 "NA"
"134" 2 2 14 1 137 621891 14 1 0 "NA"
"135" 1 3 14 1 1164 449873 14 1 0 "NA"
"136" 2 3 14 1 153 511350 14 1 0 "NA"
"137" 1 4 14 1 855 237302 14 1 0 "NA"
"138" 2 4 14 1 189 369402 14 1 0 "NA"
"139" 1 5 14 1 56 16772 14 1 0 "NA"
"140" 2 5 14 1 25 47482 14 1 0 "NA"
"141" 1 1 15 1 10 123936 15 1 0 "NA"
"142" 2 1 15 1 15 107155 15 1 0 "NA"
"143" 1 2 15 1 59 115485 15 1 0 "NA"
"144" 2 2 15 1 12 103790 15 1 0 "NA"
"145" 1 3 15 1 194 72664 15 1 0 "NA"
"146" 2 3 15 1 15 77240 15 1 0 "NA"
"147" 1 4 15 1 202 56262 15 1 0 "NA"
"148" 2 4 15 1 25 72440 15 1 0 "NA"
"149" 1 5 15 1 15 4528 15 1 0 "NA"
"150" 2 5 15 1 12 9014 15 1 0 "NA"
"151" 1 1 16 1 14 498514 16 1 0 "NA"
"152" 2 1 16 1 14 456769 16 1 0 "NA"
"153" 1 2 16 1 178 398321 16 1 0 "NA"
"154" 2 2 16 1 85 379323 16 1 0 "NA"
"155" 1 3 16 1 528 243029 16 1 0 "NA"
"156" 2 3 16 1 105 253008 16 1 0 "NA"
"157" 1 4 16 1 479 119906 16 1 0 "NA"
"158" 2 4 16 1 79 170198 16 1 0 "NA"
"159" 1 5 16 1 25 9043 16 1 0 "NA"
"160" 2 5 16 1 13 22570 16 1 0 "NA"
"161" 1 1 17 1 17 558690 17 1 0 "NA"
"162" 2 1 17 1 13 536436 17 1 0 "NA"
"163" 1 2 17 1 239 475203 17 1 0 "NA"
"164" 2 2 17 1 73 481783 17 1 0 "NA"
"165" 1 3 17 1 564 282963 17 1 0 "NA"
"166" 2 3 17 1 91 317587 17 1 0 "NA"
"167" 1 4 17 1 575 147848 17 1 0 "NA"
"168" 2 4 17 1 87 216248 17 1 0 "NA"
"169" 1 5 17 1 31 8560 17 1 0 "NA"
"170" 2 5 17 1 17 20294 17 1 0 "NA"
"171" 1 1 18 1 15 185584 18 1 0 "NA"
"172" 2 1 18 1 11 165889 18 1 0 "NA"
"173" 1 2 18 1 56 135786 18 1 0 "NA"
"174" 2 2 18 1 27 121834 18 1 0 "NA"
"175" 1 3 18 1 156 69424 18 1 0 "NA"
"176" 2 3 18 1 24 68083 18 1 0 "NA"
"177" 1 4 18 1 162 42691 18 1 0 "NA"
"178" 2 4 18 1 31 54951 18 1 0 "NA"
"179" 1 5 18 1 16 4228 18 1 0 "NA"
"180" 2 5 18 1 12 8919 18 1 0 "NA"
"181" 1 1 19 1 12 426730 19 1 0 "NA"
"182" 2 1 19 1 11 404938 19 1 0 "NA"
"183" 1 2 19 1 277 388811 19 1 0 "NA"
"184" 2 2 19 1 153 392515 19 1 0 "NA"
"185" 1 3 19 1 579 274000 19 1 0 "NA"
"186" 2 3 19 1 173 300464 19 1 0 "NA"
"187" 1 4 19 1 460 129613 19 1 0 "NA"
"188" 2 4 19 1 101 203139 19 1 0 "NA"
"189" 1 5 19 1 23 7908 19 1 0 "NA"
"190" 2 5 19 1 19 26614 19 1 0 "NA"
"191" 1 1 20 1 12 338612 20 1 0 "NA"
"192" 2 1 20 1 15 329031 20 1 0 "NA"
"193" 1 2 20 1 188 263099 20 1 0 "NA"
"194" 2 2 20 1 54 262553 20 1 0 "NA"
"195" 1 3 20 1 470 160491 20 1 0 "NA"
"196" 2 3 20 1 54 170550 20 1 0 "NA"
"197" 1 4 20 1 321 70874 20 1 0 "NA"
"198" 2 4 20 1 44 108516 20 1 0 "NA"
"199" 1 5 20 1 18 4152 20 1 0 "NA"
"200" 2 5 20 1 10 11345 20 1 0 "NA"
"201" 1 1 21 1 11 138672 21 1 0 "NA"
"202" 2 1 21 1 12 121644 21 1 0 "NA"
"203" 1 2 21 1 54 126613 21 1 0 "NA"
"204" 2 2 21 1 20 115536 21 1 0 "NA"
"205" 1 3 21 1 154 80767 21 1 0 "NA"
"206" 2 3 21 1 23 81288 21 1 0 "NA"
"207" 1 4 21 1 194 55888 21 1 0 "NA"
"208" 2 4 21 1 50 72088 21 1 0 "NA"
"209" 1 5 21 1 21 5223 21 1 0 "NA"
"210" 2 5 21 1 14 11069 21 1 0 "NA"
"211" 1 1 22 1 15 376934 22 1 0 "NA"
"212" 2 1 22 1 10 349109 22 1 0 "NA"
"213" 1 2 22 1 180 352556 22 1 0 "NA"
"214" 2 2 22 1 42 345692 22 1 0 "NA"
"215" 1 3 22 1 440 197963 22 1 0 "NA"
"216" 2 3 22 1 54 228075 22 1 0 "NA"
"217" 1 4 22 1 448 125603 22 1 0 "NA"
"218" 2 4 22 1 60 179288 22 1 0 "NA"
"219" 1 5 22 1 24 7411 22 1 0 "NA"
"220" 2 5 22 1 15 17046 22 1 0 "NA"
"221" 1 1 23 1 11 265823 23 1 0 "NA"
"222" 2 1 23 1 10 256629 23 1 0 "NA"
"223" 1 2 23 1 197 279889 23 1 0 "NA"
"224" 2 2 23 1 60 271862 23 1 0 "NA"
"225" 1 3 23 1 434 189408 23 1 0 "NA"
"226" 2 3 23 1 67 205025 23 1 0 "NA"
"227" 1 4 23 1 459 133053 23 1 0 "NA"
"228" 2 4 23 1 85 193793 23 1 0 "NA"
"229" 1 5 23 1 38 11764 23 1 0 "NA"
"230" 2 5 23 1 19 26862 23 1 0 "NA"
"231" 1 1 24 1 15 294608 24 1 0 "NA"
"232" 2 1 24 1 15 252969 24 1 0 "NA"
"233" 1 2 24 1 133 238286 24 1 0 "NA"
"234" 2 2 24 1 42 215336 24 1 0 "NA"
"235" 1 3 24 1 262 138722 24 1 0 "NA"
"236" 2 3 24 1 50 147301 24 1 0 "NA"
"237" 1 4 24 1 263 84965 24 1 0 "NA"
"238" 2 4 24 1 59 117134 24 1 0 "NA"
"239" 1 5 24 1 16 7484 24 1 0 "NA"
"240" 2 5 24 1 12 16568 24 1 0 "NA"
"241" 1 1 25 1 14 202532 25 1 0 "NA"
"242" 2 1 25 1 12 187300 25 1 0 "NA"
"243" 1 2 25 1 101 172022 25 1 0 "NA"
"244" 2 2 25 1 36 166828 25 1 0 "NA"
"245" 1 3 25 1 220 110575 25 1 0 "NA"
"246" 2 3 25 1 25 114294 25 1 0 "NA"
"247" 1 4 25 1 235 61463 25 1 0 "NA"
"248" 2 4 25 1 52 87542 25 1 0 "NA"
"249" 1 5 25 1 19 4988 25 1 0 "NA"
"250" 2 5 25 1 12 12565 25 1 0 "NA"
"251" 1 1 26 1 15 182844 26 1 0 "NA"
"252" 2 1 26 1 10 179721 26 1 0 "NA"
"253" 1 2 26 1 137 188790 26 1 0 "NA"
"254" 2 2 26 1 31 182856 26 1 0 "NA"
"255" 1 3 26 1 320 146457 26 1 0 "NA"
"256" 2 3 26 1 51 156213 26 1 0 "NA"
"257" 1 4 26 1 317 106271 26 1 0 "NA"
"258" 2 4 26 1 78 151020 26 1 0 "NA"
"259" 1 5 26 1 22 10540 26 1 0 "NA"
"260" 2 5 26 1 23 22609 26 1 0 "NA"
"261" 1 1 27 1 90 4305080 27 1 0 "NA"
"262" 2 1 27 1 61 4327500 27 1 0 "NA"
"263" 1 2 27 1 1446 3184287 27 1 0 "NA"
"264" 2 2 27 1 738 3455987 27 1 0 "NA"
"265" 1 3 27 1 4148 1927621 27 1 0 "NA"
"266" 2 3 27 1 1025 2307276 27 1 0 "NA"
"267" 1 4 27 1 3826 877814 27 1 0 "NA"
"268" 2 4 27 1 873 1410044 27 1 0 "NA"
"269" 1 5 27 1 294 63147 27 1 0 "NA"
"270" 2 5 27 1 165 192586 27 1 0 "NA"
"271" 1 1 28 1 34 1027438 28 1 0 "NA"
"272" 2 1 28 1 14 1016342 28 1 0 "NA"
"273" 1 2 28 1 471 828597 28 1 0 "NA"
"274" 2 2 28 1 156 858185 28 1 0 "NA"
"275" 1 3 28 1 1275 549469 28 1 0 "NA"
"276" 2 3 28 1 266 595403 28 1 0 "NA"
"277" 1 4 28 1 979 223095 28 1 0 "NA"
"278" 2 4 28 1 194 314810 28 1 0 "NA"
"279" 1 5 28 1 45 14221 28 1 0 "NA"
"280" 2 5 28 1 21 32116 28 1 0 "NA"
"281" 1 1 29 1 25 1003189 29 1 0 "NA"
"282" 2 1 29 1 15 902330 29 1 0 "NA"
"283" 1 2 29 1 386 720042 29 1 0 "NA"
"284" 2 2 29 1 105 704482 29 1 0 "NA"
"285" 1 3 29 1 1006 413970 29 1 0 "NA"
"286" 2 3 29 1 135 457801 29 1 0 "NA"
"287" 1 4 29 1 896 201113 29 1 0 "NA"
"288" 2 4 29 1 141 287972 29 1 0 "NA"
"289" 1 5 29 1 45 11436 29 1 0 "NA"
"290" 2 5 29 1 18 27141 29 1 0 "NA"
"291" 1 1 30 1 12 406288 30 1 0 "NA"
"292" 2 1 30 1 10 377830 30 1 0 "NA"
"293" 1 2 30 1 196 341288 30 1 0 "NA"
"294" 2 2 30 1 97 328334 30 1 0 "NA"
"295" 1 3 30 1 514 220505 30 1 0 "NA"
"296" 2 3 30 1 116 231461 30 1 0 "NA"
"297" 1 4 30 1 466 111698 30 1 0 "NA"
"298" 2 4 30 1 99 162030 30 1 0 "NA"
"299" 1 5 30 1 22 8749 30 1 0 "NA"
"300" 2 5 30 1 13 24790 30 1 0 "NA"
"301" 1 1 31 1 12 167691 31 1 0 "NA"
"302" 2 1 31 1 10 164170 31 1 0 "NA"
"303" 1 2 31 1 117 167012 31 1 0 "NA"
"304" 2 2 31 1 32 168153 31 1 0 "NA"
"305" 1 3 31 1 296 147480 31 1 0 "NA"
"306" 2 3 31 1 65 162634 31 1 0 "NA"
"307" 1 4 31 1 330 101764 31 1 0 "NA"
"308" 2 4 31 1 92 144693 31 1 0 "NA"
"309" 1 5 31 1 24 9332 31 1 0 "NA"
"310" 2 5 31 1 17 22784 31 1 0 "NA"
"311" 1 1 32 1 21 617614 32 1 0 "NA"
"312" 2 1 32 1 12 607227 32 1 0 "NA"
"313" 1 2 32 1 519 604163 32 1 0 "NA"
"314" 2 2 32 1 210 632581 32 1 0 "NA"
"315" 1 3 32 1 1161 424570 32 1 0 "NA"
"316" 2 3 32 1 227 485196 32 1 0 "NA"
"317" 1 4 32 1 1152 236628 32 1 0 "NA"
"318" 2 4 32 1 230 379848 32 1 0 "NA"
"319" 1 5 32 1 87 17103 32 1 0 "NA"
"320" 2 5 32 1 46 50835 32 1 0 "NA"
"321" 1 1 33 1 12 90837 33 1 0 "NA"
"322" 2 1 33 1 10 85033 33 1 0 "NA"
"323" 1 2 33 1 49 103423 33 1 0 "NA"
"324" 2 2 33 1 20 96358 33 1 0 "NA"
"325" 1 3 33 1 173 68317 33 1 0 "NA"
"326" 2 3 33 1 33 66722 33 1 0 "NA"
"327" 1 4 33 1 149 40299 33 1 0 "NA"
"328" 2 4 33 1 26 61819 33 1 0 "NA"
"329" 1 5 33 1 20 3507 33 1 0 "NA"
"330" 2 5 33 1 14 9706 33 1 0 "NA"
"331" 1 1 34 1 11 597140 34 1 0 "NA"
"332" 2 1 34 1 12 588211 34 1 0 "NA"
"333" 1 2 34 1 361 488765 34 1 0 "NA"
"334" 2 2 34 1 139 509521 34 1 0 "NA"
"335" 1 3 34 1 883 351742 34 1 0 "NA"
"336" 2 3 34 1 166 396948 34 1 0 "NA"
"337" 1 4 34 1 732 168945 34 1 0 "NA"
"338" 2 4 34 1 163 275097 34 1 0 "NA"
"339" 1 5 34 1 43 12190 34 1 0 "NA"
"340" 2 5 34 1 35 36841 34 1 0 "NA"
"341" 1 1 35 1 14 184316 35 1 0 "NA"
"342" 2 1 35 1 13 181022 35 1 0 "NA"
"343" 1 2 35 1 100 190109 35 1 0 "NA"
"344" 2 2 35 1 30 187538 35 1 0 "NA"
"345" 1 3 35 1 280 133865 35 1 0 "NA"
"346" 2 3 35 1 42 146542 35 1 0 "NA"
"347" 1 4 35 1 336 90838 35 1 0 "NA"
"348" 2 4 35 1 52 126649 35 1 0 "NA"
"349" 1 5 35 1 34 8794 35 1 0 "NA"
"350" 2 5 35 1 12 20435 35 1 0 "NA"
"351" 1 1 36 1 10 363168 36 1 0 "NA"
"352" 2 1 36 1 11 353731 36 1 0 "NA"
"353" 1 2 36 1 191 328394 36 1 0 "NA"
"354" 2 2 36 1 104 331164 36 1 0 "NA"
"355" 1 3 36 1 572 209447 36 1 0 "NA"
"356" 2 3 36 1 101 231036 36 1 0 "NA"
"357" 1 4 36 1 525 109541 36 1 0 "NA"
"358" 2 4 36 1 101 169493 36 1 0 "NA"
"359" 1 5 36 1 41 7901 36 1 0 "NA"
"360" 2 5 36 1 24 24757 36 1 0 "NA"
"361" 1 1 37 1 15 94745 37 1 0 "NA"
"362" 2 1 37 1 11 85785 37 1 0 "NA"
"363" 1 2 37 1 38 92642 37 1 0 "NA"
"364" 2 2 37 1 17 83527 37 1 0 "NA"
"365" 1 3 37 1 130 55768 37 1 0 "NA"
"366" 2 3 37 1 14 55699 37 1 0 "NA"
"367" 1 4 37 1 141 38428 37 1 0 "NA"
"368" 2 4 37 1 26 52789 37 1 0 "NA"
"369" 1 5 37 1 13 3564 37 1 0 "NA"
"370" 2 5 37 1 10 8339 37 1 0 "NA"
"371" 1 1 38 1 41 1234585 38 1 0 "NA"
"372" 2 1 38 1 23 1217995 38 1 0 "NA"
"373" 1 2 38 1 585 962739 38 1 0 "NA"
"374" 2 2 38 1 184 990779 38 1 0 "NA"
"375" 1 3 38 1 1569 575601 38 1 0 "NA"
"376" 2 3 38 1 182 654209 38 1 0 "NA"
"377" 1 4 38 1 1155 236742 38 1 0 "NA"
"378" 2 4 38 1 170 390355 38 1 0 "NA"
"379" 1 5 38 1 58 13389 38 1 0 "NA"
"380" 2 5 38 1 19 39265 38 1 0 "NA"
"381" 1 1 39 1 14 51428 39 1 0 "NA"
"382" 2 1 39 1 14 45871 39 1 0 "NA"
"383" 1 2 39 1 26 54172 39 1 0 "NA"
"384" 2 2 39 1 11 46695 39 1 0 "NA"
"385" 1 3 39 1 48 35859 39 1 0 "NA"
"386" 2 3 39 1 12 34205 39 1 0 "NA"
"387" 1 4 39 1 85 26971 39 1 0 "NA"
"388" 2 4 39 1 13 35273 39 1 0 "NA"
"389" 1 5 39 1 12 2922 39 1 0 "NA"
"390" 2 5 39 1 10 6461 39 1 0 "NA"
"391" 1 1 40 1 16 538292 40 1 0 "NA"
"392" 2 1 40 1 10 485495 40 1 0 "NA"
"393" 1 2 40 1 229 413609 40 1 0 "NA"
"394" 2 2 40 1 100 398504 40 1 0 "NA"
"395" 1 3 40 1 611 270448 40 1 0 "NA"
"396" 2 3 40 1 107 280573 40 1 0 "NA"
"397" 1 4 40 1 497 129990 40 1 0 "NA"
"398" 2 4 40 1 93 180187 40 1 0 "NA"
"399" 1 5 40 1 25 10180 40 1 0 "NA"
"400" 2 5 40 1 23 23504 40 1 0 "NA"
"401" 1 1 41 1 13 80628 41 1 0 "NA"
"402" 2 1 41 1 13 69578 41 1 0 "NA"
"403" 1 2 41 1 43 80934 41 1 0 "NA"
"404" 2 2 41 1 12 70525 41 1 0 "NA"
"405" 1 3 41 1 111 50942 41 1 0 "NA"
"406" 2 3 41 1 17 50187 41 1 0 "NA"
"407" 1 4 41 1 122 41330 41 1 0 "NA"
"408" 2 4 41 1 20 51232 41 1 0 "NA"
"409" 1 5 41 1 15 3440 41 1 0 "NA"
"410" 2 5 41 1 12 7324 41 1 0 "NA"
"411" 1 1 42 1 15 468687 42 1 0 "NA"
"412" 2 1 42 1 13 424018 42 1 0 "NA"
"413" 1 2 42 1 217 354369 42 1 0 "NA"
"414" 2 2 42 1 55 329265 42 1 0 "NA"
"415" 1 3 42 1 533 207279 42 1 0 "NA"
"416" 2 3 42 1 58 216075 42 1 0 "NA"
"417" 1 4 42 1 595 123878 42 1 0 "NA"
"418" 2 4 42 1 79 167084 42 1 0 "NA"
"419" 1 5 42 1 55 9816 42 1 0 "NA"
"420" 2 5 42 1 14 21524 42 1 0 "NA"
"421" 1 1 43 1 74 1681667 43 1 0 "NA"
"422" 2 1 43 1 44 1577220 43 1 0 "NA"
"423" 1 2 43 1 992 1331022 43 1 0 "NA"
"424" 2 2 43 1 366 1346676 43 1 0 "NA"
"425" 1 3 43 1 2255 837196 43 1 0 "NA"
"426" 2 3 43 1 368 956667 43 1 0 "NA"
"427" 1 4 43 1 1864 390182 43 1 0 "NA"
"428" 2 4 43 1 326 604019 43 1 0 "NA"
"429" 1 5 43 1 91 24085 43 1 0 "NA"
"430" 2 5 43 1 45 66469 43 1 0 "NA"
"431" 1 1 44 1 11 327360 44 1 0 "NA"
"432" 2 1 44 1 11 315476 44 1 0 "NA"
"433" 1 2 44 1 169 287665 44 1 0 "NA"
"434" 2 2 44 1 65 296410 44 1 0 "NA"
"435" 1 3 44 1 509 206283 44 1 0 "NA"
"436" 2 3 44 1 86 221492 44 1 0 "NA"
"437" 1 4 44 1 429 97413 44 1 0 "NA"
"438" 2 4 44 1 85 143017 44 1 0 "NA"
"439" 1 5 44 1 41 7351 44 1 0 "NA"
"440" 2 5 44 1 15 20453 44 1 0 "NA"
"441" 1 1 45 1 23 691523 45 1 0 "NA"
"442" 2 1 45 1 21 668267 45 1 0 "NA"
"443" 1 2 45 1 469 641158 45 1 0 "NA"
"444" 2 2 45 1 223 667292 45 1 0 "NA"
"445" 1 3 45 1 1108 429919 45 1 0 "NA"
"446" 2 3 45 1 235 490900 45 1 0 "NA"
"447" 1 4 45 1 913 224877 45 1 0 "NA"
"448" 2 4 45 1 213 354718 45 1 0 "NA"
"449" 1 5 45 1 43 12910 45 1 0 "NA"
"450" 2 5 45 1 29 42651 45 1 0 "NA"
"451" 1 1 46 1 13 95223 46 1 0 "NA"
"452" 2 1 46 1 10 87945 46 1 0 "NA"
"453" 1 2 46 1 66 107162 46 1 0 "NA"
"454" 2 2 46 1 17 97417 46 1 0 "NA"
"455" 1 3 46 1 171 81833 46 1 0 "NA"
"456" 2 3 46 1 26 84086 46 1 0 "NA"
"457" 1 4 46 1 211 62392 46 1 0 "NA"
"458" 2 4 46 1 35 84695 46 1 0 "NA"
"459" 1 5 46 1 12 6016 46 1 0 "NA"
"460" 2 5 46 1 11 12760 46 1 0 "NA"
"461" 1 1 47 1 20 612627 47 1 0 "NA"
"462" 2 1 47 1 14 569243 47 1 0 "NA"
"463" 1 2 47 1 335 511378 47 1 0 "NA"
"464" 2 2 47 1 128 508450 47 1 0 "NA"
"465" 1 3 47 1 952 335808 47 1 0 "NA"
"466" 2 3 47 1 163 373584 47 1 0 "NA"
"467" 1 4 47 1 858 183514 47 1 0 "NA"
"468" 2 4 47 1 137 275004 47 1 0 "NA"
"469" 1 5 47 1 53 14195 47 1 0 "NA"
"470" 2 5 47 1 17 38181 47 1 0 "NA"
"471" 1 1 1 2 12 207627 48 0 1 "1"
"472" 2 1 1 2 12 192628 48 0 1 "1"
"473" 1 2 1 2 20 175676 48 0 1 "1"
"474" 2 2 1 2 11 177882 48 0 1 "1"
"475" 1 3 1 2 28 120875 48 0 1 "1"
"476" 2 3 1 2 13 125814 48 0 1 "1"
"477" 1 4 1 2 10 55846 48 0 1 "1"
"478" 2 4 1 2 14 77929 48 0 1 "1"
"479" 1 5 1 2 15 3593 48 0 1 "1"
"480" 2 5 1 2 13 10822 48 0 1 "1"
"481" 1 1 2 2 15 244568 49 0 1 "2"
"482" 2 1 2 2 10 226666 49 0 1 "2"
"483" 1 2 2 2 30 208622 49 0 1 "2"
"484" 2 2 2 2 13 202408 49 0 1 "2"
"485" 1 3 2 2 30 123491 49 0 1 "2"
"486" 2 3 2 2 14 133685 49 0 1 "2"
"487" 1 4 2 2 21 76925 49 0 1 "2"
"488" 2 4 2 2 10 103996 49 0 1 "2"
"489" 1 5 2 2 13 5267 49 0 1 "2"
"490" 2 5 2 2 12 11563 49 0 1 "2"
"491" 1 1 3 2 12 1181438 50 0 1 "3"
"492" 2 1 3 2 11 1107844 50 0 1 "3"
"493" 1 2 3 2 86 976067 50 0 1 "3"
"494" 2 2 3 2 27 983248 50 0 1 "3"
"495" 1 3 3 2 155 740320 50 0 1 "3"
"496" 2 3 3 2 47 795457 50 0 1 "3"
"497" 1 4 3 2 75 326943 50 0 1 "3"
"498" 2 4 3 2 57 425359 50 0 1 "3"
"499" 1 5 3 2 12 19282 50 0 1 "3"
"500" 2 5 3 2 15 44114 50 0 1 "3"
"501" 1 1 4 2 11 493155 51 0 1 "4"
"502" 2 1 4 2 14 432851 51 0 1 "4"
"503" 1 2 4 2 30 349331 51 0 1 "4"
"504" 2 2 4 2 12 333049 51 0 1 "4"
"505" 1 3 4 2 45 198716 51 0 1 "4"
"506" 2 3 4 2 11 211168 51 0 1 "4"
"507" 1 4 4 2 11 86490 51 0 1 "4"
"508" 2 4 4 2 11 121822 51 0 1 "4"
"509" 1 5 4 2 14 5128 51 0 1 "4"
"510" 2 5 4 2 10 11549 51 0 1 "4"
"511" 1 1 5 2 10 91884 52 0 1 "5"
"512" 2 1 5 2 15 84310 52 0 1 "5"
"513" 1 2 5 2 12 96905 52 0 1 "5"
"514" 2 2 5 2 10 86675 52 0 1 "5"
"515" 1 3 5 2 11 66936 52 0 1 "5"
"516" 2 3 5 2 14 66007 52 0 1 "5"
"517" 1 4 5 2 10 47211 52 0 1 "5"
"518" 2 4 5 2 10 61313 52 0 1 "5"
"519" 1 5 5 2 14 4297 52 0 1 "5"
"520" 2 5 5 2 10 9690 52 0 1 "5"
"521" 1 1 6 2 10 397475 53 0 1 "6"
"522" 2 1 6 2 12 383343 53 0 1 "6"
"523" 1 2 6 2 43 368880 53 0 1 "6"
"524" 2 2 6 2 10 352004 53 0 1 "6"
"525" 1 3 6 2 52 223228 53 0 1 "6"
"526" 2 3 6 2 10 240793 53 0 1 "6"
"527" 1 4 6 2 40 124629 53 0 1 "6"
"528" 2 4 6 2 19 184436 53 0 1 "6"
"529" 1 5 6 2 14 7516 53 0 1 "6"
"530" 2 5 6 2 11 19369 53 0 1 "6"
"531" 1 1 7 2 18 3647244 54 0 1 "7"
"532" 2 1 7 2 13 3469594 54 0 1 "7"
"533" 1 2 7 2 252 2755424 54 0 1 "7"
"534" 2 2 7 2 60 2836958 54 0 1 "7"
"535" 1 3 7 2 434 1806834 54 0 1 "7"
"536" 2 3 7 2 81 2063194 54 0 1 "7"
"537" 1 4 7 2 242 871645 54 0 1 "7"
"538" 2 4 7 2 145 1365755 54 0 1 "7"
"539" 1 5 7 2 31 59477 54 0 1 "7"
"540" 2 5 7 2 47 178959 54 0 1 "7"
"541" 1 1 8 2 14 220172 55 0 1 "8"
"542" 2 1 8 2 12 199477 55 0 1 "8"
"543" 1 2 8 2 39 214427 55 0 1 "8"
"544" 2 2 8 2 15 197384 55 0 1 "8"
"545" 1 3 8 2 63 143282 55 0 1 "8"
"546" 2 3 8 2 15 138727 55 0 1 "8"
"547" 1 4 8 2 32 81697 55 0 1 "8"
"548" 2 4 8 2 14 118067 55 0 1 "8"
"549" 1 5 8 2 13 7419 55 0 1 "8"
"550" 2 5 8 2 11 19116 55 0 1 "8"
"551" 1 1 9 2 15 223015 56 0 1 "9"
"552" 2 1 9 2 10 211901 56 0 1 "9"
"553" 1 2 9 2 21 236347 56 0 1 "9"
"554" 2 2 9 2 14 220847 56 0 1 "9"
"555" 1 3 9 2 37 146303 56 0 1 "9"
"556" 2 3 9 2 10 154784 56 0 1 "9"
"557" 1 4 9 2 28 93334 56 0 1 "9"
"558" 2 4 9 2 11 135422 56 0 1 "9"
"559" 1 5 9 2 11 7007 56 0 1 "9"
"560" 2 5 9 2 13 16050 56 0 1 "9"
"561" 1 1 10 2 11 775515 57 0 1 "10"
"562" 2 1 10 2 10 762227 57 0 1 "10"
"563" 1 2 10 2 56 648200 57 0 1 "10"
"564" 2 2 10 2 16 652442 57 0 1 "10"
"565" 1 3 10 2 100 383376 57 0 1 "10"
"566" 2 3 10 2 27 418873 57 0 1 "10"
"567" 1 4 10 2 49 148236 57 0 1 "10"
"568" 2 4 10 2 36 228444 57 0 1 "10"
"569" 1 5 10 2 10 7270 57 0 1 "10"
"570" 2 5 10 2 12 20211 57 0 1 "10"
"571" 1 1 11 2 13 399758 58 0 1 "11"
"572" 2 1 11 2 10 366831 58 0 1 "11"
"573" 1 2 11 2 37 309532 58 0 1 "11"
"574" 2 2 11 2 15 297830 58 0 1 "11"
"575" 1 3 11 2 46 195302 58 0 1 "11"
"576" 2 3 11 2 14 209905 58 0 1 "11"
"577" 1 4 11 2 24 98144 58 0 1 "11"
"578" 2 4 11 2 12 137739 58 0 1 "11"
"579" 1 5 11 2 10 6911 58 0 1 "11"
"580" 2 5 11 2 11 16489 58 0 1 "11"
"581" 1 1 12 2 11 310774 59 0 1 "12"
"582" 2 1 12 2 15 287122 59 0 1 "12"
"583" 1 2 12 2 17 272790 59 0 1 "12"
"584" 2 2 12 2 13 263432 59 0 1 "12"
"585" 1 3 12 2 26 161426 59 0 1 "12"
"586" 2 3 12 2 11 181870 59 0 1 "12"
"587" 1 4 12 2 20 103368 59 0 1 "12"
"588" 2 4 12 2 13 147221 59 0 1 "12"
"589" 1 5 12 2 14 7244 59 0 1 "12"
"590" 2 5 12 2 14 16717 59 0 1 "12"
"591" 1 1 13 2 12 455759 60 0 1 "13"
"592" 2 1 13 2 15 443075 60 0 1 "13"
"593" 1 2 13 2 34 420771 60 0 1 "13"
"594" 2 2 13 2 10 424546 60 0 1 "13"
"595" 1 3 13 2 62 248321 60 0 1 "13"
"596" 2 3 13 2 12 282427 60 0 1 "13"
"597" 1 4 13 2 36 138910 60 0 1 "13"
"598" 2 4 13 2 18 211741 60 0 1 "13"
"599" 1 5 13 2 14 8901 60 0 1 "13"
"600" 2 5 13 2 15 23216 60 0 1 "13"
"601" 1 1 14 2 11 680180 61 0 1 "14"
"602" 2 1 14 2 15 682126 61 0 1 "14"
"603" 1 2 14 2 112 595375 61 0 1 "14"
"604" 2 2 14 2 10 621891 61 0 1 "14"
"605" 1 3 14 2 142 449873 61 0 1 "14"
"606" 2 3 14 2 21 511350 61 0 1 "14"
"607" 1 4 14 2 68 237302 61 0 1 "14"
"608" 2 4 14 2 32 369402 61 0 1 "14"
"609" 1 5 14 2 14 16772 61 0 1 "14"
"610" 2 5 14 2 15 47482 61 0 1 "14"
"611" 1 1 15 2 10 123936 62 0 1 "15"
"612" 2 1 15 2 11 107155 62 0 1 "15"
"613" 1 2 15 2 10 115485 62 0 1 "15"
"614" 2 2 15 2 14 103790 62 0 1 "15"
"615" 1 3 15 2 10 72664 62 0 1 "15"
"616" 2 3 15 2 15 77240 62 0 1 "15"
"617" 1 4 15 2 12 56262 62 0 1 "15"
"618" 2 4 15 2 15 72440 62 0 1 "15"
"619" 1 5 15 2 14 4528 62 0 1 "15"
"620" 2 5 15 2 14 9014 62 0 1 "15"
"621" 1 1 16 2 10 498514 63 0 1 "16"
"622" 2 1 16 2 12 456769 63 0 1 "16"
"623" 1 2 16 2 29 398321 63 0 1 "16"
"624" 2 2 16 2 14 379323 63 0 1 "16"
"625" 1 3 16 2 53 243029 63 0 1 "16"
"626" 2 3 16 2 15 253008 63 0 1 "16"
"627" 1 4 16 2 29 119906 63 0 1 "16"
"628" 2 4 16 2 22 170198 63 0 1 "16"
"629" 1 5 16 2 11 9043 63 0 1 "16"
"630" 2 5 16 2 12 22570 63 0 1 "16"
"631" 1 1 17 2 15 558690 64 0 1 "17"
"632" 2 1 17 2 14 536436 64 0 1 "17"
"633" 1 2 17 2 32 475203 64 0 1 "17"
"634" 2 2 17 2 10 481783 64 0 1 "17"
"635" 1 3 17 2 56 282963 64 0 1 "17"
"636" 2 3 17 2 16 317587 64 0 1 "17"
"637" 1 4 17 2 31 147848 64 0 1 "17"
"638" 2 4 17 2 24 216248 64 0 1 "17"
"639" 1 5 17 2 13 8560 64 0 1 "17"
"640" 2 5 17 2 12 20294 64 0 1 "17"
"641" 1 1 18 2 15 185584 65 0 1 "18"
"642" 2 1 18 2 12 165889 65 0 1 "18"
"643" 1 2 18 2 11 135786 65 0 1 "18"
"644" 2 2 18 2 14 121834 65 0 1 "18"
"645" 1 3 18 2 14 69424 65 0 1 "18"
"646" 2 3 18 2 15 68083 65 0 1 "18"
"647" 1 4 18 2 15 42691 65 0 1 "18"
"648" 2 4 18 2 14 54951 65 0 1 "18"
"649" 1 5 18 2 12 4228 65 0 1 "18"
"650" 2 5 18 2 13 8919 65 0 1 "18"
"651" 1 1 19 2 14 426730 66 0 1 "19"
"652" 2 1 19 2 12 404938 66 0 1 "19"
"653" 1 2 19 2 35 388811 66 0 1 "19"
"654" 2 2 19 2 14 392515 66 0 1 "19"
"655" 1 3 19 2 67 274000 66 0 1 "19"
"656" 2 3 19 2 17 300464 66 0 1 "19"
"657" 1 4 19 2 43 129613 66 0 1 "19"
"658" 2 4 19 2 21 203139 66 0 1 "19"
"659" 1 5 19 2 10 7908 66 0 1 "19"
"660" 2 5 19 2 13 26614 66 0 1 "19"
"661" 1 1 20 2 13 338612 67 0 1 "20"
"662" 2 1 20 2 10 329031 67 0 1 "20"
"663" 1 2 20 2 40 263099 67 0 1 "20"
"664" 2 2 20 2 15 262553 67 0 1 "20"
"665" 1 3 20 2 42 160491 67 0 1 "20"
"666" 2 3 20 2 12 170550 67 0 1 "20"
"667" 1 4 20 2 20 70874 67 0 1 "20"
"668" 2 4 20 2 16 108516 67 0 1 "20"
"669" 1 5 20 2 11 4152 67 0 1 "20"
"670" 2 5 20 2 11 11345 67 0 1 "20"
"671" 1 1 21 2 13 138672 68 0 1 "21"
"672" 2 1 21 2 10 121644 68 0 1 "21"
"673" 1 2 21 2 14 126613 68 0 1 "21"
"674" 2 2 21 2 13 115536 68 0 1 "21"
"675" 1 3 21 2 15 80767 68 0 1 "21"
"676" 2 3 21 2 12 81288 68 0 1 "21"
"677" 1 4 21 2 19 55888 68 0 1 "21"
"678" 2 4 21 2 11 72088 68 0 1 "21"
"679" 1 5 21 2 12 5223 68 0 1 "21"
"680" 2 5 21 2 13 11069 68 0 1 "21"
"681" 1 1 22 2 15 376934 69 0 1 "22"
"682" 2 1 22 2 13 349109 69 0 1 "22"
"683" 1 2 22 2 31 352556 69 0 1 "22"
"684" 2 2 22 2 13 345692 69 0 1 "22"
"685" 1 3 22 2 44 197963 69 0 1 "22"
"686" 2 3 22 2 11 228075 69 0 1 "22"
"687" 1 4 22 2 26 125603 69 0 1 "22"
"688" 2 4 22 2 22 179288 69 0 1 "22"
"689" 1 5 22 2 15 7411 69 0 1 "22"
"690" 2 5 22 2 14 17046 69 0 1 "22"
"691" 1 1 23 2 12 265823 70 0 1 "23"
"692" 2 1 23 2 10 256629 70 0 1 "23"
"693" 1 2 23 2 40 279889 70 0 1 "23"
"694" 2 2 23 2 12 271862 70 0 1 "23"
"695" 1 3 23 2 50 189408 70 0 1 "23"
"696" 2 3 23 2 10 205025 70 0 1 "23"
"697" 1 4 23 2 38 133053 70 0 1 "23"
"698" 2 4 23 2 10 193793 70 0 1 "23"
"699" 1 5 23 2 15 11764 70 0 1 "23"
"700" 2 5 23 2 13 26862 70 0 1 "23"
"701" 1 1 24 2 11 294608 71 0 1 "24"
"702" 2 1 24 2 12 252969 71 0 1 "24"
"703" 1 2 24 2 27 238286 71 0 1 "24"
"704" 2 2 24 2 11 215336 71 0 1 "24"
"705" 1 3 24 2 24 138722 71 0 1 "24"
"706" 2 3 24 2 11 147301 71 0 1 "24"
"707" 1 4 24 2 25 84965 71 0 1 "24"
"708" 2 4 24 2 15 117134 71 0 1 "24"
"709" 1 5 24 2 11 7484 71 0 1 "24"
"710" 2 5 24 2 13 16568 71 0 1 "24"
"711" 1 1 25 2 12 202532 72 0 1 "25"
"712" 2 1 25 2 15 187300 72 0 1 "25"
"713" 1 2 25 2 17 172022 72 0 1 "25"
"714" 2 2 25 2 12 166828 72 0 1 "25"
"715" 1 3 25 2 18 110575 72 0 1 "25"
"716" 2 3 25 2 13 114294 72 0 1 "25"
"717" 1 4 25 2 29 61463 72 0 1 "25"
"718" 2 4 25 2 13 87542 72 0 1 "25"
"719" 1 5 25 2 10 4988 72 0 1 "25"
"720" 2 5 25 2 15 12565 72 0 1 "25"
"721" 1 1 26 2 13 182844 73 0 1 "26"
"722" 2 1 26 2 13 179721 73 0 1 "26"
"723" 1 2 26 2 29 188790 73 0 1 "26"
"724" 2 2 26 2 15 182856 73 0 1 "26"
"725" 1 3 26 2 28 146457 73 0 1 "26"
"726" 2 3 26 2 12 156213 73 0 1 "26"
"727" 1 4 26 2 27 106271 73 0 1 "26"
"728" 2 4 26 2 14 151020 73 0 1 "26"
"729" 1 5 26 2 12 10540 73 0 1 "26"
"730" 2 5 26 2 11 22609 73 0 1 "26"
"731" 1 1 27 2 13 4305080 74 0 1 "27"
"732" 2 1 27 2 12 4327500 74 0 1 "27"
"733" 1 2 27 2 185 3184287 74 0 1 "27"
"734" 2 2 27 2 59 3455987 74 0 1 "27"
"735" 1 3 27 2 308 1927621 74 0 1 "27"
"736" 2 3 27 2 84 2307276 74 0 1 "27"
"737" 1 4 27 2 207 877814 74 0 1 "27"
"738" 2 4 27 2 129 1410044 74 0 1 "27"
"739" 1 5 27 2 32 63147 74 0 1 "27"
"740" 2 5 27 2 42 192586 74 0 1 "27"
"741" 1 1 28 2 11 1027438 75 0 1 "28"
"742" 2 1 28 2 14 1016342 75 0 1 "28"
"743" 1 2 28 2 74 828597 75 0 1 "28"
"744" 2 2 28 2 16 858185 75 0 1 "28"
"745" 1 3 28 2 109 549469 75 0 1 "28"
"746" 2 3 28 2 24 595403 75 0 1 "28"
"747" 1 4 28 2 72 223095 75 0 1 "28"
"748" 2 4 28 2 34 314810 75 0 1 "28"
"749" 1 5 28 2 11 14221 75 0 1 "28"
"750" 2 5 28 2 14 32116 75 0 1 "28"
"751" 1 1 29 2 11 1003189 76 0 1 "29"
"752" 2 1 29 2 11 902330 76 0 1 "29"
"753" 1 2 29 2 70 720042 76 0 1 "29"
"754" 2 2 29 2 12 704482 76 0 1 "29"
"755" 1 3 29 2 95 413970 76 0 1 "29"
"756" 2 3 29 2 19 457801 76 0 1 "29"
"757" 1 4 29 2 65 201113 76 0 1 "29"
"758" 2 4 29 2 32 287972 76 0 1 "29"
"759" 1 5 29 2 14 11436 76 0 1 "29"
"760" 2 5 29 2 14 27141 76 0 1 "29"
"761" 1 1 30 2 10 406288 77 0 1 "30"
"762" 2 1 30 2 14 377830 77 0 1 "30"
"763" 1 2 30 2 30 341288 77 0 1 "30"
"764" 2 2 30 2 10 328334 77 0 1 "30"
"765" 1 3 30 2 51 220505 77 0 1 "30"
"766" 2 3 30 2 11 231461 77 0 1 "30"
"767" 1 4 30 2 28 111698 77 0 1 "30"
"768" 2 4 30 2 15 162030 77 0 1 "30"
"769" 1 5 30 2 15 8749 77 0 1 "30"
"770" 2 5 30 2 11 24790 77 0 1 "30"
"771" 1 1 31 2 15 167691 78 0 1 "31"
"772" 2 1 31 2 14 164170 78 0 1 "31"
"773" 1 2 31 2 19 167012 78 0 1 "31"
"774" 2 2 31 2 14 168153 78 0 1 "31"
"775" 1 3 31 2 38 147480 78 0 1 "31"
"776" 2 3 31 2 12 162634 78 0 1 "31"
"777" 1 4 31 2 16 101764 78 0 1 "31"
"778" 2 4 31 2 15 144693 78 0 1 "31"
"779" 1 5 31 2 14 9332 78 0 1 "31"
"780" 2 5 31 2 15 22784 78 0 1 "31"
"781" 1 1 32 2 12 617614 79 0 1 "32"
"782" 2 1 32 2 12 607227 79 0 1 "32"
"783" 1 2 32 2 109 604163 79 0 1 "32"
"784" 2 2 32 2 22 632581 79 0 1 "32"
"785" 1 3 32 2 162 424570 79 0 1 "32"
"786" 2 3 32 2 19 485196 79 0 1 "32"
"787" 1 4 32 2 87 236628 79 0 1 "32"
"788" 2 4 32 2 38 379848 79 0 1 "32"
"789" 1 5 32 2 13 17103 79 0 1 "32"
"790" 2 5 32 2 10 50835 79 0 1 "32"
"791" 1 1 33 2 10 90837 80 0 1 "33"
"792" 2 1 33 2 10 85033 80 0 1 "33"
"793" 1 2 33 2 12 103423 80 0 1 "33"
"794" 2 2 33 2 11 96358 80 0 1 "33"
"795" 1 3 33 2 27 68317 80 0 1 "33"
"796" 2 3 33 2 11 66722 80 0 1 "33"
"797" 1 4 33 2 10 40299 80 0 1 "33"
"798" 2 4 33 2 13 61819 80 0 1 "33"
"799" 1 5 33 2 11 3507 80 0 1 "33"
"800" 2 5 33 2 15 9706 80 0 1 "33"
"801" 1 1 34 2 10 597140 81 0 1 "34"
"802" 2 1 34 2 11 588211 81 0 1 "34"
"803" 1 2 34 2 75 488765 81 0 1 "34"
"804" 2 2 34 2 13 509521 81 0 1 "34"
"805" 1 3 34 2 108 351742 81 0 1 "34"
"806" 2 3 34 2 21 396948 81 0 1 "34"
"807" 1 4 34 2 45 168945 81 0 1 "34"
"808" 2 4 34 2 49 275097 81 0 1 "34"
"809" 1 5 34 2 10 12190 81 0 1 "34"
"810" 2 5 34 2 10 36841 81 0 1 "34"
"811" 1 1 35 2 10 184316 82 0 1 "35"
"812" 2 1 35 2 11 181022 82 0 1 "35"
"813" 1 2 35 2 21 190109 82 0 1 "35"
"814" 2 2 35 2 15 187538 82 0 1 "35"
"815" 1 3 35 2 21 133865 82 0 1 "35"
"816" 2 3 35 2 11 146542 82 0 1 "35"
"817" 1 4 35 2 14 90838 82 0 1 "35"
"818" 2 4 35 2 15 126649 82 0 1 "35"
"819" 1 5 35 2 14 8794 82 0 1 "35"
"820" 2 5 35 2 10 20435 82 0 1 "35"
"821" 1 1 36 2 11 363168 83 0 1 "36"
"822" 2 1 36 2 12 353731 83 0 1 "36"
"823" 1 2 36 2 43 328394 83 0 1 "36"
"824" 2 2 36 2 12 331164 83 0 1 "36"
"825" 1 3 36 2 69 209447 83 0 1 "36"
"826" 2 3 36 2 19 231036 83 0 1 "36"
"827" 1 4 36 2 43 109541 83 0 1 "36"
"828" 2 4 36 2 15 169493 83 0 1 "36"
"829" 1 5 36 2 14 7901 83 0 1 "36"
"830" 2 5 36 2 11 24757 83 0 1 "36"
"831" 1 1 37 2 13 94745 84 0 1 "37"
"832" 2 1 37 2 12 85785 84 0 1 "37"
"833" 1 2 37 2 11 92642 84 0 1 "37"
"834" 2 2 37 2 14 83527 84 0 1 "37"
"835" 1 3 37 2 12 55768 84 0 1 "37"
"836" 2 3 37 2 14 55699 84 0 1 "37"
"837" 1 4 37 2 12 38428 84 0 1 "37"
"838" 2 4 37 2 13 52789 84 0 1 "37"
"839" 1 5 37 2 10 3564 84 0 1 "37"
"840" 2 5 37 2 15 8339 84 0 1 "37"
"841" 1 1 38 2 19 1234585 85 0 1 "38"
"842" 2 1 38 2 11 1217995 85 0 1 "38"
"843" 1 2 38 2 101 962739 85 0 1 "38"
"844" 2 2 38 2 34 990779 85 0 1 "38"
"845" 1 3 38 2 135 575601 85 0 1 "38"
"846" 2 3 38 2 15 654209 85 0 1 "38"
"847" 1 4 38 2 56 236742 85 0 1 "38"
"848" 2 4 38 2 41 390355 85 0 1 "38"
"849" 1 5 38 2 12 13389 85 0 1 "38"
"850" 2 5 38 2 11 39265 85 0 1 "38"
"851" 1 1 39 2 12 51428 86 0 1 "39"
"852" 2 1 39 2 11 45871 86 0 1 "39"
"853" 1 2 39 2 13 54172 86 0 1 "39"
"854" 2 2 39 2 14 46695 86 0 1 "39"
"855" 1 3 39 2 12 35859 86 0 1 "39"
"856" 2 3 39 2 13 34205 86 0 1 "39"
"857" 1 4 39 2 10 26971 86 0 1 "39"
"858" 2 4 39 2 14 35273 86 0 1 "39"
"859" 1 5 39 2 15 2922 86 0 1 "39"
"860" 2 5 39 2 11 6461 86 0 1 "39"
"861" 1 1 40 2 11 538292 87 0 1 "40"
"862" 2 1 40 2 14 485495 87 0 1 "40"
"863" 1 2 40 2 39 413609 87 0 1 "40"
"864" 2 2 40 2 10 398504 87 0 1 "40"
"865" 1 3 40 2 46 270448 87 0 1 "40"
"866" 2 3 40 2 13 280573 87 0 1 "40"
"867" 1 4 40 2 34 129990 87 0 1 "40"
"868" 2 4 40 2 21 180187 87 0 1 "40"
"869" 1 5 40 2 14 10180 87 0 1 "40"
"870" 2 5 40 2 12 23504 87 0 1 "40"
"871" 1 1 41 2 10 80628 88 0 1 "41"
"872" 2 1 41 2 10 69578 88 0 1 "41"
"873" 1 2 41 2 16 80934 88 0 1 "41"
"874" 2 2 41 2 10 70525 88 0 1 "41"
"875" 1 3 41 2 11 50942 88 0 1 "41"
"876" 2 3 41 2 12 50187 88 0 1 "41"
"877" 1 4 41 2 11 41330 88 0 1 "41"
"878" 2 4 41 2 13 51232 88 0 1 "41"
"879" 1 5 41 2 12 3440 88 0 1 "41"
"880" 2 5 41 2 15 7324 88 0 1 "41"
"881" 1 1 42 2 10 468687 89 0 1 "42"
"882" 2 1 42 2 11 424018 89 0 1 "42"
"883" 1 2 42 2 23 354369 89 0 1 "42"
"884" 2 2 42 2 14 329265 89 0 1 "42"
"885" 1 3 42 2 33 207279 89 0 1 "42"
"886" 2 3 42 2 12 216075 89 0 1 "42"
"887" 1 4 42 2 39 123878 89 0 1 "42"
"888" 2 4 42 2 14 167084 89 0 1 "42"
"889" 1 5 42 2 14 9816 89 0 1 "42"
"890" 2 5 42 2 14 21524 89 0 1 "42"
"891" 1 1 43 2 11 1681667 90 0 1 "43"
"892" 2 1 43 2 15 1577220 90 0 1 "43"
"893" 1 2 43 2 157 1331022 90 0 1 "43"
"894" 2 2 43 2 28 1346676 90 0 1 "43"
"895" 1 3 43 2 192 837196 90 0 1 "43"
"896" 2 3 43 2 32 956667 90 0 1 "43"
"897" 1 4 43 2 100 390182 90 0 1 "43"
"898" 2 4 43 2 59 604019 90 0 1 "43"
"899" 1 5 43 2 11 24085 90 0 1 "43"
"900" 2 5 43 2 20 66469 90 0 1 "43"
"901" 1 1 44 2 12 327360 91 0 1 "44"
"902" 2 1 44 2 12 315476 91 0 1 "44"
"903" 1 2 44 2 26 287665 91 0 1 "44"
"904" 2 2 44 2 14 296410 91 0 1 "44"
"905" 1 3 44 2 49 206283 91 0 1 "44"
"906" 2 3 44 2 12 221492 91 0 1 "44"
"907" 1 4 44 2 28 97413 91 0 1 "44"
"908" 2 4 44 2 10 143017 91 0 1 "44"
"909" 1 5 44 2 11 7351 91 0 1 "44"
"910" 2 5 44 2 15 20453 91 0 1 "44"
"911" 1 1 45 2 12 691523 92 0 1 "45"
"912" 2 1 45 2 12 668267 92 0 1 "45"
"913" 1 2 45 2 93 641158 92 0 1 "45"
"914" 2 2 45 2 20 667292 92 0 1 "45"
"915" 1 3 45 2 155 429919 92 0 1 "45"
"916" 2 3 45 2 32 490900 92 0 1 "45"
"917" 1 4 45 2 100 224877 92 0 1 "45"
"918" 2 4 45 2 34 354718 92 0 1 "45"
"919" 1 5 45 2 15 12910 92 0 1 "45"
"920" 2 5 45 2 16 42651 92 0 1 "45"
"921" 1 1 46 2 10 95223 93 0 1 "46"
"922" 2 1 46 2 13 87945 93 0 1 "46"
"923" 1 2 46 2 19 107162 93 0 1 "46"
"924" 2 2 46 2 15 97417 93 0 1 "46"
"925" 1 3 46 2 20 81833 93 0 1 "46"
"926" 2 3 46 2 11 84086 93 0 1 "46"
"927" 1 4 46 2 10 62392 93 0 1 "46"
"928" 2 4 46 2 11 84695 93 0 1 "46"
"929" 1 5 46 2 10 6016 93 0 1 "46"
"930" 2 5 46 2 12 12760 93 0 1 "46"
"931" 1 1 47 2 15 612627 94 0 1 "47"
"932" 2 1 47 2 12 569243 94 0 1 "47"
"933" 1 2 47 2 36 511378 94 0 1 "47"
"934" 2 2 47 2 10 508450 94 0 1 "47"
"935" 1 3 47 2 58 335808 94 0 1 "47"
"936" 2 3 47 2 15 373584 94 0 1 "47"
"937" 1 4 47 2 44 183514 94 0 1 "47"
"938" 2 4 47 2 23 275004 94 0 1 "47"
"939" 1 5 47 2 11 14195 94 0 1 "47"
"940" 2 5 47 2 10 38181 94 0 1 "47"
